====== pysrim run =======
        SRIM-2013.00
==========================================
    Ion and Target VACANCY production     
  See SRIM Outputs\TDATA.txt for calc. details
==========================================
--------------------------------------------------------------------
    Recoil/Damage Calculations made with Kinchin-Pease Estimates    
--------------------------------------------------------------------
 See file :  SRIM Outputs\TDATA.txt for calculation data
 Ion    =  H   Energy = 2000 keV
============= TARGET MATERIAL ======================================
Layer  1 : None
Layer Width =     2.E+05 A ;
  Layer # 1- Density = 8.491E22 atoms/cm3 = 8.96 g/cm3
  Layer # 1- Cu = 100  Atomic Percent = 100  Mass Percent
====================================================================
 Total Ions calculated =1000000.00
 Total Target Vacancies     = 21 /Ion

==========================================================
  Table Units are  >>>> Vacancies/(Angstrom-Ion)  <<<<  
==========================================================
   TARGET     VACANCIES     VACANCIES 
   DEPTH         by            by     
   (Ang.)       IONS         RECOILS  
-----------  -----------  ------------
211971.E-02  1642.21E-09  3627.71E-09  
423941.E-02  5406.90E-09  1156.69E-08  
635911.E-02  9962.73E-09  2016.17E-08  
847881.E-02  1145.87E-08  2395.43E-08  
105985.E-01  7730.34E-09  1574.72E-08  
127182.E-01  9863.19E-09  2263.04E-08  
148379.E-01  1098.79E-08  2383.58E-08  
169576.E-01  1141.01E-08  2557.68E-08  
190773.E-01  1136.67E-08  2519.56E-08  
211970.E-01  1153.51E-08  2619.60E-08  
233167.E-01  1163.84E-08  2492.83E-08  
254364.E-01  1185.55E-08  2779.63E-08  
275561.E-01  1188.47E-08  2688.16E-08  
296758.E-01  1202.62E-08  2464.39E-08  
317955.E-01  1197.15E-08  2831.29E-08  
339152.E-01  1207.67E-08  2786.76E-08  
360349.E-01  1223.52E-08  2721.69E-08  
381546.E-01  1234.47E-08  2837.02E-08  
402743.E-01  1250.93E-08  2733.92E-08  
423940.E-01  1253.48E-08  2913.04E-08  
445137.E-01  1278.91E-08  2728.27E-08  
466334.E-01  1285.37E-08  2929.34E-08  
487531.E-01  1294.05E-08  2751.00E-08  
508728.E-01  1311.93E-08  3002.54E-08  
529925.E-01  1333.87E-08  2941.73E-08  
551122.E-01  1338.26E-08  2778.55E-08  
572319.E-01  1357.17E-08  2837.32E-08  
593516.E-01  1364.63E-08  2998.75E-08  
614713.E-01  1388.03E-08  2964.47E-08  
635910.E-01  1411.57E-08  3123.64E-08  
657107.E-01  1428.08E-08  3128.60E-08  
678304.E-01  1445.25E-08  3086.97E-08  
699501.E-01  1443.84E-08  2877.54E-08  
720698.E-01  1482.80E-08  2989.80E-08  
741895.E-01  1492.48E-08  3186.79E-08  
763092.E-01  1528.00E-08  3086.08E-08  
784289.E-01  1532.48E-08  3296.12E-08  
805486.E-01  1541.44E-08  3077.35E-08  
826683.E-01  1592.35E-08  3376.57E-08  
847880.E-01  1592.63E-08  3253.24E-08  
869077.E-01  1638.96E-08  3452.87E-08  
890274.E-01  1638.96E-08  3470.18E-08  
911471.E-01  1681.75E-08  3388.71E-08  
932668.E-01  1702.93E-08  3404.59E-08  
953865.E-01  1724.39E-08  3586.18E-08  
975062.E-01  1768.93E-08  3654.19E-08  
996259.E-01  1779.83E-08  3729.78E-08  
101746.E+00  1840.54E-08  3825.19E-08  
103865.E+00  1861.73E-08  3870.63E-08  
105985.E+00  1911.69E-08  4119.62E-08  
108105.E+00  1939.24E-08  4186.47E-08  
110224.E+00  1986.74E-08  4227.12E-08  
112344.E+00  2006.84E-08  4235.22E-08  
114464.E+00  2046.42E-08  4022.10E-08  
116584.E+00  2119.92E-08  4359.13E-08  
118703.E+00  2158.70E-08  4735.22E-08  
120823.E+00  2215.74E-08  4252.23E-08  
122943.E+00  2271.03E-08  4454.08E-08  
125062.E+00  2322.69E-08  4607.35E-08  
127182.E+00  2370.15E-08  4773.55E-08  
129302.E+00  2461.39E-08  4916.42E-08  
131421.E+00  2515.83E-08  5187.07E-08  
133541.E+00  2606.31E-08  5278.97E-08  
135661.E+00  2709.77E-08  5356.83E-08  
137781.E+00  2774.92E-08  5467.87E-08  
139900.E+00  2871.96E-08  5666.05E-08  
142020.E+00  2998.11E-08  5642.96E-08  
144140.E+00  3098.65E-08  5767.81E-08  
146259.E+00  3236.87E-08  6147.31E-08  
148379.E+00  3392.08E-08  6721.85E-08  
150499.E+00  3508.09E-08  6704.37E-08  
152618.E+00  3728.64E-08  7055.49E-08  
154738.E+00  3891.49E-08  7259.98E-08  
156858.E+00  4153.56E-08  7767.59E-08  
158978.E+00  4453.98E-08  8035.17E-08  
161097.E+00  4749.73E-08  8338.71E-08  
163217.E+00  5184.70E-08  9153.67E-08  
165337.E+00  5692.46E-08  9592.65E-08  
167456.E+00  6346.56E-08  1055.41E-07  
169576.E+00  7162.15E-08  1146.99E-07  
171696.E+00  8248.86E-08  1279.95E-07  
173815.E+00  9846.30E-08  1447.08E-07  
175935.E+00  1253.60E-07  1681.44E-07  
178055.E+00  1698.63E-07  2033.01E-07  
180175.E+00  2423.69E-07  2467.90E-07  
182294.E+00  3427.51E-07  2905.52E-07  
184414.E+00  4377.25E-07  3101.81E-07  
186534.E+00  4670.41E-07  2857.49E-07  
188653.E+00  4007.27E-07  2139.32E-07  
190773.E+00  2695.44E-07  1288.48E-07  
192893.E+00  1399.94E-07  6129.35E-08  
195012.E+00  5563.43E-08  2185.18E-08  
197132.E+00  1664.86E-08  6000.09E-09  
199252.E+00  3774.59E-09  1211.29E-09  
201372.E+00  6279.19E-10  2026.18E-10  
203491.E+00  7878.47E-11  1288.01E-11  
205611.E+00  1132.24E-11  2163.54E-12  
207731.E+00  1887.06E-12  6309.97E-13  
209850.E+00  0000.00E+00  0000.00E+00  
211970.E+00  0000.00E+00  0000.00E+00  

 To convert to Energy Lost - multiply by Average Binding Energy =  0  eV/Vacancy
