====== pysrim run =======
        SRIM-2013.00
=======================================
    Energy transferred to RECOILS      
 See SRIM Outputs\TDATA.txt for calc. details 
=======================================
--------------------------------------------------------------------
    Recoil/Damage Calculations made with Kinchin-Pease Estimates    
--------------------------------------------------------------------
 See file: SRIM Outputs\TDATA.txt for data about the calculation
 Ion    =  H   Energy = 1000 keV
============= TARGET MATERIAL ======================================
Layer  1 : None
Layer Width = 75393.E+00 AAA ;
  Layer # 1- Density = 8.490E22 atoms/cm3 = 7.874 g/cm3
  Layer # 1- Fe = 100  Atomic Percent = 100  Mass Percent
====================================================================
 Total Ions calculated =1000000.00
===========================================================
  Table Energy Units are  >>>>  eV /(Angstrom-Ion)  <<<<  
===========================================================
   DEPTH       ENERGY       ENERGY    
   DEPTH        from        Absorbed  
   (Ang.)       IONS        by Recoils
----------   ------------  -----------
753940.E-03  4884.86E-06  4884.86E-06
150787.E-02  5025.88E-06  5025.88E-06
226180.E-02  5163.57E-06  5163.57E-06
301573.E-02  5300.84E-06  5300.84E-06
376966.E-02  5339.56E-06  5339.56E-06
452359.E-02  5376.95E-06  5376.95E-06
527752.E-02  5471.41E-06  5471.41E-06
603145.E-02  5407.96E-06  5407.96E-06
678538.E-02  5427.89E-06  5427.89E-06
753931.E-02  5430.22E-06  5430.22E-06
829324.E-02  5450.49E-06  5450.49E-06
904717.E-02  5445.52E-06  5445.52E-06
980110.E-02  5533.33E-06  5533.33E-06
105550.E-01  5581.37E-06  5581.37E-06
113090.E-01  5608.17E-06  5608.17E-06
120629.E-01  5701.37E-06  5701.37E-06
128168.E-01  5746.23E-06  5746.23E-06
135708.E-01  5698.00E-06  5698.00E-06
143247.E-01  5651.97E-06  5651.97E-06
150786.E-01  5758.33E-06  5758.33E-06
158325.E-01  5810.39E-06  5810.39E-06
165865.E-01  5846.60E-06  5846.60E-06
173404.E-01  6001.95E-06  6001.95E-06
180943.E-01  6112.68E-06  6112.68E-06
188483.E-01  6054.64E-06  6054.64E-06
196022.E-01  6137.36E-06  6137.36E-06
203561.E-01  6240.86E-06  6240.86E-06
211101.E-01  6249.93E-06  6249.93E-06
218640.E-01  6332.67E-06  6332.67E-06
226179.E-01  6523.86E-06  6523.86E-06
233718.E-01  6632.38E-06  6632.38E-06
241258.E-01  6637.90E-06  6637.90E-06
248797.E-01  6705.35E-06  6705.35E-06
256336.E-01  6791.95E-06  6791.95E-06
263876.E-01  6829.80E-06  6829.80E-06
271415.E-01  6922.59E-06  6922.59E-06
278954.E-01  7101.41E-06  7101.41E-06
286494.E-01  7206.81E-06  7206.81E-06
294033.E-01  7419.21E-06  7419.21E-06
301572.E-01  7504.92E-06  7504.92E-06
309111.E-01  7555.82E-06  7555.82E-06
316651.E-01  7588.59E-06  7588.59E-06
324190.E-01  7623.87E-06  7623.87E-06
331729.E-01  7620.64E-06  7620.64E-06
339269.E-01  7766.10E-06  7766.10E-06
346808.E-01  7886.38E-06  7886.38E-06
354347.E-01  8086.51E-06  8086.51E-06
361887.E-01  8322.03E-06  8322.03E-06
369426.E-01  8441.64E-06  8441.64E-06
376965.E-01  8638.93E-06  8638.93E-06
384504.E-01  8839.34E-06  8839.34E-06
392044.E-01  9006.73E-06  9006.73E-06
399583.E-01  9166.30E-06  9166.30E-06
407122.E-01  9312.22E-06  9312.22E-06
414662.E-01  9594.32E-06  9594.32E-06
422201.E-01  9846.16E-06  9846.16E-06
429740.E-01  1010.05E-05  1010.05E-05
437280.E-01  1028.41E-05  1028.41E-05
444819.E-01  1047.12E-05  1047.12E-05
452358.E-01  1075.45E-05  1075.45E-05
459897.E-01  1100.60E-05  1100.60E-05
467437.E-01  1120.11E-05  1120.11E-05
474976.E-01  1139.88E-05  1139.88E-05
482515.E-01  1178.97E-05  1178.97E-05
490055.E-01  1234.67E-05  1234.67E-05
497594.E-01  1283.22E-05  1283.22E-05
505133.E-01  1328.94E-05  1328.94E-05
512673.E-01  1383.63E-05  1383.63E-05
520212.E-01  1448.91E-05  1448.91E-05
527751.E-01  1508.92E-05  1508.92E-05
535290.E-01  1584.99E-05  1584.99E-05
542830.E-01  1674.70E-05  1674.70E-05
550369.E-01  1759.77E-05  1759.77E-05
557908.E-01  1890.41E-05  1890.41E-05
565448.E-01  2010.10E-05  2010.10E-05
572987.E-01  2177.52E-05  2177.52E-05
580526.E-01  2388.12E-05  2388.12E-05
588066.E-01  2644.63E-05  2644.63E-05
595605.E-01  2982.60E-05  2982.60E-05
603144.E-01  3383.30E-05  3383.30E-05
610683.E-01  3965.80E-05  3965.80E-05
618223.E-01  4760.96E-05  4760.96E-05
625762.E-01  5904.46E-05  5904.46E-05
633301.E-01  7323.42E-05  7323.42E-05
640841.E-01  8689.57E-05  8689.57E-05
648380.E-01  9508.20E-05  9508.20E-05
655919.E-01  9176.84E-05  9176.84E-05
663459.E-01  7542.03E-05  7542.03E-05
670998.E-01  5225.17E-05  5225.17E-05
678537.E-01  2955.13E-05  2955.13E-05
686076.E-01  1360.56E-05  1360.56E-05
693616.E-01  5046.62E-06  5046.62E-06
701155.E-01  1469.96E-06  1469.96E-06
708694.E-01  3363.81E-07  3363.81E-07
716234.E-01  6381.77E-08  6381.77E-08
723773.E-01  6175.50E-09  6175.50E-09
731312.E-01  0000.00E+00  0000.00E+00
738852.E-01  0000.00E+00  0000.00E+00
746391.E-01  0000.00E+00  0000.00E+00
753930.E-01  0000.00E+00  0000.00E+00
