====== pysrim run =======
        SRIM-2013.00
=======================================
    Energy transferred to RECOILS      
 See SRIM Outputs\TDATA.txt for calc. details 
=======================================
--------------------------------------------------------------------
    Recoil/Damage Calculations made with Kinchin-Pease Estimates    
--------------------------------------------------------------------
 See file: SRIM Outputs\TDATA.txt for data about the calculation
 Ion    =  H   Energy = 3000 keV
============= TARGET MATERIAL ======================================
Layer  1 : None
Layer Width = 37170.E+01 AAA ;
  Layer # 1- Density = 9.143E22 atoms/cm3 = 8.912 g/cm3
  Layer # 1- Ni = 100  Atomic Percent = 100  Mass Percent
====================================================================
 Total Ions calculated =1000000.00
===========================================================
  Table Energy Units are  >>>>  eV /(Angstrom-Ion)  <<<<  
===========================================================
   DEPTH       ENERGY       ENERGY    
   DEPTH        from        Absorbed  
   (Ang.)       IONS        by Recoils
----------   ------------  -----------
371701.E-02  2255.25E-06  2255.25E-06
743401.E-02  2253.28E-06  2253.28E-06
111510.E-01  2181.35E-06  2181.35E-06
148680.E-01  2187.62E-06  2187.62E-06
185850.E-01  2240.71E-06  2240.71E-06
223020.E-01  2296.48E-06  2296.48E-06
260190.E-01  2358.44E-06  2358.44E-06
297360.E-01  2387.28E-06  2387.28E-06
334530.E-01  2350.19E-06  2350.19E-06
371700.E-01  2282.33E-06  2282.33E-06
408870.E-01  2306.01E-06  2306.01E-06
446040.E-01  2379.88E-06  2379.88E-06
483210.E-01  2363.90E-06  2363.90E-06
520380.E-01  2433.68E-06  2433.68E-06
557550.E-01  2586.92E-06  2586.92E-06
594720.E-01  2586.53E-06  2586.53E-06
631890.E-01  2484.20E-06  2484.20E-06
669060.E-01  2507.97E-06  2507.97E-06
706230.E-01  2602.55E-06  2602.55E-06
743400.E-01  2599.76E-06  2599.76E-06
780570.E-01  2559.34E-06  2559.34E-06
817740.E-01  2590.09E-06  2590.09E-06
854910.E-01  2587.87E-06  2587.87E-06
892080.E-01  2577.57E-06  2577.57E-06
929250.E-01  2611.18E-06  2611.18E-06
966420.E-01  2727.98E-06  2727.98E-06
100359.E+00  2755.77E-06  2755.77E-06
104076.E+00  2809.79E-06  2809.79E-06
107793.E+00  2827.57E-06  2827.57E-06
111510.E+00  2778.69E-06  2778.69E-06
115227.E+00  2816.88E-06  2816.88E-06
118944.E+00  2927.44E-06  2927.44E-06
122661.E+00  3055.04E-06  3055.04E-06
126378.E+00  3043.19E-06  3043.19E-06
130095.E+00  3008.10E-06  3008.10E-06
133812.E+00  3135.73E-06  3135.73E-06
137529.E+00  3177.20E-06  3177.20E-06
141246.E+00  3195.07E-06  3195.07E-06
144963.E+00  3273.99E-06  3273.99E-06
148680.E+00  3322.42E-06  3322.42E-06
152397.E+00  3410.70E-06  3410.70E-06
156114.E+00  3402.79E-06  3402.79E-06
159831.E+00  3269.71E-06  3269.71E-06
163548.E+00  3340.11E-06  3340.11E-06
167265.E+00  3418.08E-06  3418.08E-06
170982.E+00  3373.48E-06  3373.48E-06
174699.E+00  3483.69E-06  3483.69E-06
178416.E+00  3613.14E-06  3613.14E-06
182133.E+00  3656.81E-06  3656.81E-06
185850.E+00  3694.55E-06  3694.55E-06
189567.E+00  3836.68E-06  3836.68E-06
193284.E+00  3823.47E-06  3823.47E-06
197001.E+00  3857.49E-06  3857.49E-06
200718.E+00  3939.14E-06  3939.14E-06
204435.E+00  4056.15E-06  4056.15E-06
208152.E+00  4053.18E-06  4053.18E-06
211869.E+00  4168.17E-06  4168.17E-06
215586.E+00  4324.61E-06  4324.61E-06
219303.E+00  4405.37E-06  4405.37E-06
223020.E+00  4421.71E-06  4421.71E-06
226737.E+00  4435.14E-06  4435.14E-06
230454.E+00  4498.91E-06  4498.91E-06
234171.E+00  4905.79E-06  4905.79E-06
237888.E+00  4905.45E-06  4905.45E-06
241605.E+00  4918.50E-06  4918.50E-06
245322.E+00  5150.30E-06  5150.30E-06
249039.E+00  5320.64E-06  5320.64E-06
252756.E+00  5472.45E-06  5472.45E-06
256473.E+00  5588.52E-06  5588.52E-06
260190.E+00  5890.40E-06  5890.40E-06
263907.E+00  5912.88E-06  5912.88E-06
267624.E+00  6186.27E-06  6186.27E-06
271341.E+00  6463.58E-06  6463.58E-06
275058.E+00  6921.97E-06  6921.97E-06
278775.E+00  7280.48E-06  7280.48E-06
282492.E+00  7525.66E-06  7525.66E-06
286209.E+00  8186.90E-06  8186.90E-06
289926.E+00  8611.00E-06  8611.00E-06
293643.E+00  9338.22E-06  9338.22E-06
297360.E+00  9769.49E-06  9769.49E-06
301077.E+00  1094.22E-05  1094.22E-05
304794.E+00  1261.96E-05  1261.96E-05
308511.E+00  1463.38E-05  1463.38E-05
312228.E+00  1782.03E-05  1782.03E-05
315945.E+00  2355.91E-05  2355.91E-05
319662.E+00  3183.77E-05  3183.77E-05
323379.E+00  4023.84E-05  4023.84E-05
327096.E+00  4282.84E-05  4282.84E-05
330813.E+00  3607.10E-05  3607.10E-05
334530.E+00  2305.24E-05  2305.24E-05
338247.E+00  1098.43E-05  1098.43E-05
341964.E+00  3767.43E-06  3767.43E-06
345681.E+00  9645.79E-07  9645.79E-07
349398.E+00  1778.16E-07  1778.16E-07
353115.E+00  2432.50E-08  2432.50E-08
356832.E+00  1419.05E-09  1419.05E-09
360549.E+00  1397.20E-10  1397.20E-10
364266.E+00  0000.00E+00  0000.00E+00
367983.E+00  0000.00E+00  0000.00E+00
371700.E+00  0000.00E+00  0000.00E+00
