====== pysrim run =======
        SRIM-2013.00
==========================================
    Ion and Target VACANCY production     
  See SRIM Outputs\TDATA.txt for calc. details
==========================================
--------------------------------------------------------------------
    Recoil/Damage Calculations made with Kinchin-Pease Estimates    
--------------------------------------------------------------------
 See file :  SRIM Outputs\TDATA.txt for calculation data
 Ion    =  H   Energy = 3000 keV
============= TARGET MATERIAL ======================================
Layer  1 : None
Layer Width =     4.E+05 A ;
  Layer # 1- Density = 9.143E22 atoms/cm3 = 8.912 g/cm3
  Layer # 1- Ni = 100  Atomic Percent = 100  Mass Percent
====================================================================
 Total Ions calculated =1000000.00
 Total Target Vacancies     = 19 /Ion

==========================================================
  Table Units are  >>>> Vacancies/(Angstrom-Ion)  <<<<  
==========================================================
   TARGET     VACANCIES     VACANCIES 
   DEPTH         by            by     
   (Ang.)       IONS         RECOILS  
-----------  -----------  ------------
371701.E-02  1232.71E-09  2770.75E-09  
743401.E-02  4249.39E-09  8437.73E-09  
111510.E-01  5997.58E-09  1350.49E-08  
148680.E-01  4465.16E-09  9570.90E-09  
185850.E-01  5743.61E-09  1156.54E-08  
223020.E-01  6052.19E-09  1237.66E-08  
260190.E-01  6053.54E-09  1361.98E-08  
297360.E-01  6115.42E-09  1304.25E-08  
334530.E-01  6142.05E-09  1349.99E-08  
371700.E-01  6278.72E-09  1403.03E-08  
408870.E-01  6343.29E-09  1254.42E-08  
446040.E-01  6342.75E-09  1261.51E-08  
483210.E-01  6450.90E-09  1359.93E-08  
520380.E-01  6410.01E-09  1348.05E-08  
557550.E-01  6458.43E-09  1308.56E-08  
594720.E-01  6556.09E-09  1511.67E-08  
631890.E-01  6579.23E-09  1517.00E-08  
669060.E-01  6760.29E-09  1370.07E-08  
706230.E-01  6742.00E-09  1407.95E-08  
743400.E-01  6820.02E-09  1489.35E-08  
780570.E-01  6857.41E-09  1498.21E-08  
817740.E-01  6930.05E-09  1472.39E-08  
854910.E-01  7021.79E-09  1466.20E-08  
892080.E-01  7116.76E-09  1491.09E-08  
929250.E-01  7142.05E-09  1429.21E-08  
966420.E-01  7213.61E-09  1476.95E-08  
100359.E+00  7320.96E-09  1525.01E-08  
104076.E+00  7440.95E-09  1587.26E-08  
107793.E+00  7496.64E-09  1564.71E-08  
111510.E+00  7624.16E-09  1656.04E-08  
115227.E+00  7668.01E-09  1513.81E-08  
118944.E+00  7716.71E-09  1589.77E-08  
122661.E+00  7846.38E-09  1678.28E-08  
126378.E+00  7981.97E-09  1812.25E-08  
130095.E+00  8040.09E-09  1716.06E-08  
133812.E+00  8187.79E-09  1699.73E-08  
137529.E+00  8233.25E-09  1809.33E-08  
141246.E+00  8390.91E-09  1809.62E-08  
144963.E+00  8498.52E-09  1782.33E-08  
148680.E+00  8646.22E-09  1954.22E-08  
152397.E+00  8682.54E-09  1810.43E-08  
156114.E+00  8836.43E-09  2033.78E-08  
159831.E+00  8976.32E-09  1925.46E-08  
163548.E+00  8959.91E-09  1822.89E-08  
167265.E+00  9146.62E-09  1964.13E-08  
170982.E+00  9398.71E-09  1974.41E-08  
174699.E+00  9448.75E-09  1923.97E-08  
178416.E+00  9632.77E-09  1956.00E-08  
182133.E+00  9873.02E-09  2062.22E-08  
185850.E+00  1003.95E-08  2137.22E-08  
189567.E+00  1019.53E-08  2077.05E-08  
193284.E+00  1029.92E-08  2239.45E-08  
197001.E+00  1056.15E-08  2152.94E-08  
200718.E+00  1078.34E-08  2218.81E-08  
204435.E+00  1100.35E-08  2282.83E-08  
208152.E+00  1133.55E-08  2310.41E-08  
211869.E+00  1148.86E-08  2320.91E-08  
215586.E+00  1177.43E-08  2414.31E-08  
219303.E+00  1208.64E-08  2495.26E-08  
223020.E+00  1235.62E-08  2498.70E-08  
226737.E+00  1268.31E-08  2547.70E-08  
230454.E+00  1301.26E-08  2495.41E-08  
234171.E+00  1336.02E-08  2536.14E-08  
237888.E+00  1380.15E-08  2978.99E-08  
241605.E+00  1421.44E-08  2696.54E-08  
245322.E+00  1462.93E-08  2830.72E-08  
249039.E+00  1504.47E-08  3039.45E-08  
252756.E+00  1558.25E-08  3024.72E-08  
256473.E+00  1618.00E-08  3221.98E-08  
260190.E+00  1683.05E-08  3187.20E-08  
263907.E+00  1761.42E-08  3422.72E-08  
267624.E+00  1822.36E-08  3363.68E-08  
271341.E+00  1930.27E-08  3606.79E-08  
275058.E+00  2023.65E-08  3710.71E-08  
278775.E+00  2158.73E-08  4106.80E-08  
282492.E+00  2298.49E-08  4148.11E-08  
286209.E+00  2459.27E-08  4451.74E-08  
289926.E+00  2656.20E-08  4877.55E-08  
293643.E+00  2890.31E-08  5055.91E-08  
297360.E+00  3200.65E-08  5388.97E-08  
301077.E+00  3576.22E-08  5806.00E-08  
304794.E+00  4183.45E-08  6711.08E-08  
308511.E+00  5109.01E-08  7864.32E-08  
312228.E+00  6738.74E-08  9049.02E-08  
315945.E+00  9982.86E-08  1146.02E-07  
319662.E+00  1544.77E-07  1423.75E-07  
323379.E+00  2213.93E-07  1660.68E-07  
327096.E+00  2596.71E-07  1622.63E-07  
330813.E+00  2348.39E-07  1275.12E-07  
334530.E+00  1585.94E-07  7677.26E-08  
338247.E+00  7882.81E-08  3466.20E-08  
341964.E+00  2801.91E-08  1132.08E-08  
345681.E+00  7522.20E-09  2672.51E-09  
349398.E+00  1383.91E-09  5098.40E-10  
353115.E+00  1902.07E-10  6884.19E-11  
356832.E+00  1210.65E-11  2450.28E-12  
360549.E+00  1345.17E-12  8287.46E-14  
364266.E+00  0000.00E+00  0000.00E+00  
367983.E+00  0000.00E+00  0000.00E+00  
371700.E+00  0000.00E+00  0000.00E+00  

 To convert to Energy Lost - multiply by Average Binding Energy =  0  eV/Vacancy
