====== pysrim run =======
        SRIM-2013.00
==========================================
    Ion and Target VACANCY production     
  See SRIM Outputs\TDATA.txt for calc. details
==========================================
--------------------------------------------------------------------
    Recoil/Damage Calculations made with Kinchin-Pease Estimates    
--------------------------------------------------------------------
 See file :  SRIM Outputs\TDATA.txt for calculation data
 Ion    =  H   Energy = 2000 keV
============= TARGET MATERIAL ======================================
Layer  1 : None
Layer Width =     3.E+05 A ;
  Layer # 1- Density = 5.711E22 atoms/cm3 = 4.54 g/cm3
  Layer # 1- Ti = 100  Atomic Percent = 100  Mass Percent
====================================================================
 Total Ions calculated =1000000.00
 Total Target Vacancies     = 17 /Ion

==========================================================
  Table Units are  >>>> Vacancies/(Angstrom-Ion)  <<<<  
==========================================================
   TARGET     VACANCIES     VACANCIES 
   DEPTH         by            by     
   (Ang.)       IONS         RECOILS  
-----------  -----------  ------------
344801.E-02  7366.59E-10  1189.73E-09  
689601.E-02  2389.50E-09  5465.68E-09  
103440.E-01  4398.49E-09  9699.94E-09  
137920.E-01  6848.61E-09  1399.63E-08  
172400.E-01  3845.42E-09  7655.51E-09  
206880.E-01  4479.41E-09  9445.45E-09  
241360.E-01  5266.53E-09  1305.71E-08  
275840.E-01  5712.30E-09  1325.17E-08  
310320.E-01  5790.60E-09  1462.17E-08  
344800.E-01  5892.11E-09  1461.96E-08  
379280.E-01  5904.58E-09  1256.61E-08  
413760.E-01  5998.55E-09  1412.42E-08  
448240.E-01  6064.97E-09  1388.35E-08  
482720.E-01  6046.11E-09  1340.02E-08  
517200.E-01  6190.84E-09  1287.95E-08  
551680.E-01  6216.36E-09  1416.12E-08  
586160.E-01  6245.65E-09  1372.24E-08  
620640.E-01  6275.52E-09  1298.55E-08  
655120.E-01  6416.18E-09  1358.98E-08  
689600.E-01  6412.41E-09  1341.00E-08  
724080.E-01  6446.64E-09  1444.59E-08  
758560.E-01  6471.87E-09  1361.01E-08  
793040.E-01  6581.79E-09  1422.54E-08  
827520.E-01  6687.94E-09  1543.71E-08  
862000.E-01  6696.06E-09  1439.81E-08  
896480.E-01  6769.72E-09  1264.67E-08  
930960.E-01  6861.08E-09  1663.38E-08  
965440.E-01  6953.60E-09  1580.67E-08  
999920.E-01  7015.66E-09  1478.42E-08  
103440.E+00  7134.57E-09  1679.85E-08  
106888.E+00  7161.54E-09  1579.87E-08  
110336.E+00  7198.67E-09  1507.46E-08  
113784.E+00  7349.48E-09  1591.96E-08  
117232.E+00  7367.75E-09  1582.65E-08  
120680.E+00  7564.10E-09  1625.90E-08  
124128.E+00  7605.86E-09  1573.31E-08  
127576.E+00  7624.13E-09  1571.56E-08  
131024.E+00  7855.57E-09  1736.24E-08  
134472.E+00  7883.41E-09  1686.87E-08  
137920.E+00  7935.90E-09  1813.55E-08  
141368.E+00  8184.16E-09  1674.02E-08  
144816.E+00  8258.12E-09  1890.31E-08  
148264.E+00  8255.51E-09  1711.98E-08  
151712.E+00  8430.68E-09  1710.71E-08  
155160.E+00  8611.08E-09  1691.04E-08  
158608.E+00  8732.89E-09  1648.87E-08  
162056.E+00  8796.40E-09  1970.35E-08  
165504.E+00  9014.50E-09  1988.02E-08  
168952.E+00  9150.23E-09  1983.71E-08  
172400.E+00  9266.53E-09  1946.53E-08  
175848.E+00  9411.25E-09  2019.58E-08  
179296.E+00  9594.26E-09  2126.21E-08  
182744.E+00  9746.23E-09  2045.51E-08  
186192.E+00  1001.28E-08  2048.72E-08  
189640.E+00  1020.97E-08  2169.74E-08  
193088.E+00  1044.52E-08  2288.36E-08  
196536.E+00  1069.78E-08  2079.07E-08  
199984.E+00  1082.28E-08  2287.73E-08  
203432.E+00  1108.24E-08  2288.56E-08  
206880.E+00  1123.17E-08  2301.77E-08  
210328.E+00  1156.76E-08  2485.46E-08  
213776.E+00  1185.18E-08  2351.60E-08  
217224.E+00  1201.39E-08  2332.28E-08  
220672.E+00  1254.47E-08  2651.29E-08  
224120.E+00  1271.93E-08  2671.43E-08  
227568.E+00  1309.89E-08  2749.85E-08  
231016.E+00  1348.11E-08  2761.01E-08  
234464.E+00  1409.16E-08  2822.83E-08  
237912.E+00  1451.42E-08  2966.94E-08  
241360.E+00  1493.30E-08  3002.05E-08  
244808.E+00  1545.68E-08  3238.41E-08  
248256.E+00  1623.00E-08  3183.67E-08  
251704.E+00  1696.98E-08  3369.50E-08  
255152.E+00  1762.44E-08  3335.59E-08  
258600.E+00  1865.78E-08  3470.30E-08  
262048.E+00  1949.04E-08  3608.37E-08  
265496.E+00  2075.46E-08  3958.22E-08  
268944.E+00  2208.35E-08  3981.18E-08  
272392.E+00  2384.57E-08  4222.96E-08  
275840.E+00  2586.31E-08  4667.52E-08  
279288.E+00  2813.92E-08  5122.74E-08  
282736.E+00  3168.04E-08  5526.32E-08  
286184.E+00  3621.00E-08  6058.18E-08  
289632.E+00  4360.88E-08  6914.62E-08  
293080.E+00  5723.17E-08  8424.67E-08  
296528.E+00  8397.56E-08  1012.14E-07  
299976.E+00  1312.33E-07  1315.89E-07  
303424.E+00  1897.60E-07  1551.69E-07  
306872.E+00  2289.76E-07  1565.66E-07  
310320.E+00  2158.15E-07  1283.56E-07  
313768.E+00  1540.90E-07  8123.11E-08  
317216.E+00  8194.78E-08  3883.01E-08  
320664.E+00  3210.21E-08  1428.70E-08  
324112.E+00  9412.99E-09  3773.22E-09  
327560.E+00  1976.51E-09  7820.78E-10  
331008.E+00  3204.76E-10  1189.74E-10  
334456.E+00  3103.25E-11  8393.99E-12  
337904.E+00  1740.14E-12  4833.59E-13  
341352.E+00  0000.00E+00  0000.00E+00  
344800.E+00  0000.00E+00  0000.00E+00  

 To convert to Energy Lost - multiply by Average Binding Energy =  0  eV/Vacancy
