====== pysrim run =======
        SRIM-2013.00
==========================================
    Ion and Target VACANCY production     
  See SRIM Outputs\TDATA.txt for calc. details
==========================================
--------------------------------------------------------------------
    Recoil/Damage Calculations made with Kinchin-Pease Estimates    
--------------------------------------------------------------------
 See file :  SRIM Outputs\TDATA.txt for calculation data
 Ion    =  H   Energy = 1000 keV
============= TARGET MATERIAL ======================================
Layer  1 : None
Layer Width =     1.E+05 A ;
  Layer # 1- Density = 5.711E22 atoms/cm3 = 4.54 g/cm3
  Layer # 1- Ti = 100  Atomic Percent = 100  Mass Percent
====================================================================
 Total Ions calculated =1000000.00
 Total Target Vacancies     = 12 /Ion

==========================================================
  Table Units are  >>>> Vacancies/(Angstrom-Ion)  <<<<  
==========================================================
   TARGET     VACANCIES     VACANCIES 
   DEPTH         by            by     
   (Ang.)       IONS         RECOILS  
-----------  -----------  ------------
120133.E-02  8540.61E-10  1775.82E-09  
240265.E-02  2718.68E-09  5203.76E-09  
360397.E-02  4800.55E-09  1043.21E-08  
480529.E-02  7361.07E-09  1545.91E-08  
600661.E-02  1013.80E-08  2332.09E-08  
720793.E-02  1306.65E-08  2788.29E-08  
840925.E-02  1241.38E-08  2364.15E-08  
961057.E-02  7388.54E-09  1620.87E-08  
108119.E-01  8827.79E-09  1851.89E-08  
120132.E-01  9914.09E-09  2053.69E-08  
132145.E-01  1093.55E-08  2009.24E-08  
144159.E-01  1156.14E-08  2410.62E-08  
156172.E-01  1216.66E-08  2555.04E-08  
168185.E-01  1221.41E-08  2476.17E-08  
180198.E-01  1238.22E-08  2428.73E-08  
192211.E-01  1225.32E-08  2750.86E-08  
204225.E-01  1252.21E-08  2693.81E-08  
216238.E-01  1259.78E-08  2483.62E-08  
228251.E-01  1283.01E-08  2748.21E-08  
240264.E-01  1283.92E-08  2793.07E-08  
252277.E-01  1314.55E-08  2554.38E-08  
264291.E-01  1308.06E-08  2602.66E-08  
276304.E-01  1313.22E-08  2652.81E-08  
288317.E-01  1368.33E-08  2505.09E-08  
300330.E-01  1349.68E-08  2758.19E-08  
312343.E-01  1367.58E-08  2769.51E-08  
324357.E-01  1381.06E-08  2706.81E-08  
336370.E-01  1393.88E-08  2617.41E-08  
348383.E-01  1419.77E-08  2760.23E-08  
360396.E-01  1449.24E-08  2810.56E-08  
372409.E-01  1456.31E-08  2926.53E-08  
384423.E-01  1475.29E-08  2938.11E-08  
396436.E-01  1495.19E-08  3159.77E-08  
408449.E-01  1490.28E-08  3207.12E-08  
420462.E-01  1549.63E-08  3053.85E-08  
432475.E-01  1546.47E-08  3087.19E-08  
444489.E-01  1568.61E-08  3095.80E-08  
456502.E-01  1581.34E-08  3164.94E-08  
468515.E-01  1618.72E-08  3478.50E-08  
480528.E-01  1634.70E-08  3370.19E-08  
492541.E-01  1670.91E-08  3271.48E-08  
504555.E-01  1713.53E-08  3306.00E-08  
516568.E-01  1706.79E-08  3279.79E-08  
528581.E-01  1744.41E-08  3504.11E-08  
540594.E-01  1765.31E-08  3310.80E-08  
552607.E-01  1797.36E-08  3477.93E-08  
564621.E-01  1830.82E-08  3592.87E-08  
576634.E-01  1857.71E-08  3483.96E-08  
588647.E-01  1895.91E-08  3688.07E-08  
600660.E-01  1953.68E-08  3776.47E-08  
612673.E-01  1985.15E-08  3995.19E-08  
624687.E-01  2019.11E-08  3562.17E-08  
636700.E-01  2035.09E-08  4051.42E-08  
648713.E-01  2112.43E-08  3885.53E-08  
660726.E-01  2131.90E-08  4172.56E-08  
672739.E-01  2193.42E-08  4203.53E-08  
684753.E-01  2239.20E-08  4054.72E-08  
696766.E-01  2297.64E-08  4350.41E-08  
708779.E-01  2339.93E-08  4433.13E-08  
720792.E-01  2415.59E-08  4615.09E-08  
732805.E-01  2502.83E-08  4580.76E-08  
744819.E-01  2550.53E-08  4748.01E-08  
756832.E-01  2631.11E-08  4714.29E-08  
768845.E-01  2700.45E-08  4910.44E-08  
780858.E-01  2788.02E-08  4815.68E-08  
792871.E-01  2888.91E-08  5302.89E-08  
804885.E-01  2998.78E-08  5639.37E-08  
816898.E-01  3101.75E-08  5670.14E-08  
828911.E-01  3242.85E-08  5599.84E-08  
840924.E-01  3362.88E-08  6131.49E-08  
852937.E-01  3538.11E-08  6265.96E-08  
864951.E-01  3715.66E-08  6327.06E-08  
876964.E-01  3942.08E-08  6856.64E-08  
888977.E-01  4174.16E-08  7133.72E-08  
900990.E-01  4503.21E-08  7490.59E-08  
913003.E-01  4799.55E-08  7904.95E-08  
925017.E-01  5211.10E-08  8194.79E-08  
937030.E-01  5701.31E-08  8856.96E-08  
949043.E-01  6399.79E-08  9814.93E-08  
961056.E-01  7277.41E-08  1068.57E-07  
973069.E-01  8448.12E-08  1180.66E-07  
985083.E-01  1012.63E-07  1329.72E-07  
997096.E-01  1301.24E-07  1574.17E-07  
100911.E+00  1786.38E-07  1886.94E-07  
102112.E+00  2560.29E-07  2279.23E-07  
103314.E+00  3544.13E-07  2602.37E-07  
104515.E+00  4482.05E-07  2742.02E-07  
105716.E+00  4824.55E-07  2502.19E-07  
106917.E+00  4331.23E-07  1942.01E-07  
108119.E+00  3127.79E-07  1216.10E-07  
109320.E+00  1820.49E-07  6324.00E-08  
110521.E+00  8471.93E-08  2666.97E-08  
111723.E+00  3117.40E-08  8514.90E-09  
112924.E+00  8498.15E-09  2196.47E-09  
114125.E+00  1822.16E-09  4051.99E-10  
115327.E+00  2838.54E-10  6545.27E-11  
116528.E+00  3662.64E-11  7572.69E-12  
117729.E+00  0000.00E+00  0000.00E+00  
118931.E+00  0000.00E+00  0000.00E+00  
120132.E+00  0000.00E+00  0000.00E+00  

 To convert to Energy Lost - multiply by Average Binding Energy =  0  eV/Vacancy
