====== pysrim run =======
        SRIM-2013.00
==========================================
    Ion and Target VACANCY production     
  See SRIM Outputs\TDATA.txt for calc. details
==========================================
--------------------------------------------------------------------
    Recoil/Damage Calculations made with Kinchin-Pease Estimates    
--------------------------------------------------------------------
 See file :  SRIM Outputs\TDATA.txt for calculation data
 Ion    =  H   Energy = 3000 keV
============= TARGET MATERIAL ======================================
Layer  1 : None
Layer Width =     7.E+05 A ;
  Layer # 1- Density = 5.711E22 atoms/cm3 = 4.54 g/cm3
  Layer # 1- Ti = 100  Atomic Percent = 100  Mass Percent
====================================================================
 Total Ions calculated =1000000.00
 Total Target Vacancies     = 21 /Ion

==========================================================
  Table Units are  >>>> Vacancies/(Angstrom-Ion)  <<<<  
==========================================================
   TARGET     VACANCIES     VACANCIES 
   DEPTH         by            by     
   (Ang.)       IONS         RECOILS  
-----------  -----------  ------------
661401.E-02  6882.37E-10  1696.15E-09  
132280.E-01  2307.53E-09  5732.61E-09  
198420.E-01  4415.94E-09  1154.20E-08  
264560.E-01  2443.45E-09  4762.76E-09  
330700.E-01  3330.51E-09  8387.66E-09  
396840.E-01  3758.09E-09  8699.55E-09  
462980.E-01  3838.52E-09  9879.93E-09  
529120.E-01  3853.49E-09  8650.89E-09  
595260.E-01  3913.37E-09  9027.79E-09  
661400.E-01  3910.95E-09  9819.74E-09  
727540.E-01  3936.20E-09  9115.83E-09  
793680.E-01  3953.58E-09  8622.19E-09  
859820.E-01  4060.18E-09  9657.02E-09  
925960.E-01  4044.00E-09  9277.22E-09  
992100.E-01  4076.81E-09  9909.33E-09  
105824.E+00  4169.64E-09  9284.24E-09  
112438.E+00  4202.15E-09  9312.83E-09  
119052.E+00  4177.50E-09  9257.57E-09  
125666.E+00  4238.89E-09  9461.61E-09  
132280.E+00  4244.63E-09  9585.94E-09  
138894.E+00  4309.95E-09  8998.05E-09  
145508.E+00  4346.08E-09  9786.03E-09  
152122.E+00  4388.42E-09  9936.83E-09  
158736.E+00  4467.49E-09  9878.94E-09  
165350.E+00  4464.17E-09  9806.55E-09  
171964.E+00  4512.70E-09  9830.67E-09  
178578.E+00  4585.58E-09  1035.68E-08  
185192.E+00  4576.96E-09  9788.82E-09  
191806.E+00  4634.56E-09  1089.91E-08  
198420.E+00  4680.68E-09  1031.99E-08  
205034.E+00  4763.83E-09  9928.08E-09  
211648.E+00  4852.43E-09  1002.93E-08  
218262.E+00  4871.18E-09  1050.44E-08  
224876.E+00  4919.56E-09  1101.06E-08  
231490.E+00  5012.40E-09  1219.86E-08  
238104.E+00  5026.16E-09  1265.90E-08  
244718.E+00  5119.75E-09  1116.61E-08  
251332.E+00  5151.04E-09  1137.83E-08  
257946.E+00  5235.26E-09  1119.14E-08  
264560.E+00  5321.29E-09  1215.31E-08  
271174.E+00  5334.59E-09  1101.27E-08  
277788.E+00  5440.58E-09  1259.27E-08  
284402.E+00  5512.25E-09  1273.66E-08  
291016.E+00  5522.23E-09  1336.24E-08  
297630.E+00  5712.13E-09  1292.35E-08  
304244.E+00  5731.33E-09  1267.70E-08  
310858.E+00  5806.32E-09  1248.06E-08  
317472.E+00  5938.16E-09  1354.18E-08  
324086.E+00  5966.74E-09  1428.83E-08  
330700.E+00  6076.96E-09  1340.57E-08  
337314.E+00  6224.52E-09  1387.44E-08  
343928.E+00  6325.67E-09  1301.28E-08  
350542.E+00  6458.12E-09  1464.00E-08  
357156.E+00  6565.01E-09  1477.19E-08  
363770.E+00  6647.72E-09  1395.67E-08  
370384.E+00  6793.77E-09  1505.07E-08  
376998.E+00  6961.29E-09  1514.14E-08  
383612.E+00  7121.41E-09  1637.53E-08  
390226.E+00  7262.78E-09  1585.73E-08  
396840.E+00  7430.30E-09  1572.85E-08  
403454.E+00  7542.18E-09  1622.58E-08  
410068.E+00  7746.30E-09  1582.84E-08  
416682.E+00  7969.76E-09  1693.05E-08  
423296.E+00  8165.86E-09  1663.32E-08  
429910.E+00  8354.85E-09  1753.28E-08  
436524.E+00  8634.11E-09  1899.62E-08  
443138.E+00  8852.59E-09  1888.74E-08  
449752.E+00  9200.33E-09  1963.13E-08  
456366.E+00  9446.93E-09  1974.85E-08  
462980.E+00  9726.34E-09  2159.01E-08  
469594.E+00  1012.19E-08  2158.88E-08  
476208.E+00  1052.99E-08  2251.79E-08  
482822.E+00  1099.52E-08  2315.75E-08  
489436.E+00  1154.14E-08  2406.88E-08  
496050.E+00  1210.80E-08  2455.55E-08  
502664.E+00  1269.64E-08  2558.30E-08  
509278.E+00  1335.76E-08  2739.72E-08  
515892.E+00  1422.32E-08  2650.95E-08  
522506.E+00  1525.52E-08  3094.27E-08  
529120.E+00  1651.92E-08  3218.81E-08  
535734.E+00  1802.90E-08  3430.61E-08  
542348.E+00  2004.28E-08  3795.69E-08  
548962.E+00  2287.18E-08  4141.15E-08  
555576.E+00  2718.66E-08  4653.46E-08  
562190.E+00  3543.77E-08  5690.25E-08  
568804.E+00  5349.35E-08  7086.59E-08  
575418.E+00  8602.16E-08  9267.34E-08  
582032.E+00  1249.75E-07  1104.29E-07  
588646.E+00  1434.51E-07  1067.61E-07  
595260.E+00  1217.68E-07  8007.16E-08  
601874.E+00  7429.35E-08  4404.90E-08  
608488.E+00  3243.80E-08  1742.73E-08  
615102.E+00  9928.33E-09  5035.55E-09  
621716.E+00  2092.38E-09  9530.47E-10  
628330.E+00  2977.02E-10  1303.68E-10  
634944.E+00  2948.29E-11  6437.23E-12  
641558.E+00  1663.14E-12  3470.96E-13  
648172.E+00  0000.00E+00  0000.00E+00  
654786.E+00  0000.00E+00  0000.00E+00  
661400.E+00  0000.00E+00  0000.00E+00  

 To convert to Energy Lost - multiply by Average Binding Energy =  0  eV/Vacancy
